10.42918	8.58443	10.53855	11.32572	11.46093	10.91586	9.14498	10.96706	
8.58443	5.56429	6.96866	7.29857	7.29806	6.90989	5.51260	7.58147	
10.53855	6.96866	8.58252	8.93158	8.87942	8.36035	6.72248	8.98996	
11.32572	7.29857	8.93158	9.21107	9.10568	8.57846	6.85504	9.87533	
11.46093	7.29806	8.87942	9.10568	8.97916	8.52421	6.80428	10.94214	
10.91586	6.90989	8.36035	8.57846	8.52421	8.27394	6.69878	11.89751	
9.14498	5.51260	6.72248	6.85504	6.80428	6.69878	5.38839	11.35728	
10.96706	7.58147	8.98996	9.87533	10.94214	11.89751	11.35728	14.37032	
