18.17490	10.37365	12.33828	12.86323	12.98432	12.62559	10.77345	17.41026	
10.37365	5.74839	7.06504	7.48461	7.50429	7.06093	5.79947	8.94893	
12.33828	7.06504	8.65557	9.09003	9.05439	8.46848	6.88376	10.87879	
12.86323	7.48461	9.09003	9.48956	9.39653	8.75361	7.08279	12.05522	
12.98432	7.50429	9.05439	9.39653	9.26303	8.66725	6.97689	13.42046	
12.62559	7.06093	8.46848	8.75361	8.66725	8.31531	6.75254	14.27953	
10.77345	5.79947	6.88376	7.08279	6.97689	6.75254	5.44658	13.08428	
17.41026	8.94893	10.87879	12.05522	13.42046	14.27953	13.08428	16.48377	
